64
64
225 135 121,225 133 116,222 131 109,221 129 108,224 133 111,232 146 118,235 146 117,215 112 105,165 65 88,167 69 88,176 74 86,177 75 86,178 76 86,180 78 85,193 87 89,199 92 90,204 97 94,203 100 99,204 98 96,204 99 94,207 100 97,208 102 98,210 101 98,207 101 97,206 102 99,208 103 99,205 103 103,203 102 101,204 99 95,203 102 99,206 99 94,207 102 96,206 100 98,205 102 99,204 99 96,202 98 98,201 98 97,202 97 98,200 96 96,192 92 97,180 84 91,184 81 86,211 114 105,220 134 114,220 127 107,220 127 109,221 129 111,222 127 104,222 127 104,221 129 104,220 132 110,221 133 109,241 190 140,250 211 157,206 135 113,172 80 90,186 91 94,188 91 94,187 92 97,192 91 92,194 94 95,193 93 94,195 95 97,194 94 94,
225 130 109,225 130 108,225 129 107,223 127 105,227 135 108,233 146 114,234 142 108,214 106 94,166 62 81,169 63 80,178 70 82,177 72 82,177 71 79,181 76 83,192 85 88,198 92 91,204 94 90,205 96 92,206 98 95,206 98 94,208 98 93,209 100 96,211 100 95,208 99 96,209 99 96,207 99 97,207 99 97,206 99 97,205 97 94,204 99 96,205 98 93,207 100 96,207 99 94,206 99 95,204 97 95,203 96 94,202 95 94,202 96 95,202 96 95,195 92 95,184 84 91,175 76 87,199 99 101,219 127 113,223 132 112,223 130 108,225 133 108,224 131 105,223 129 105,223 128 103,219 128 107,218 128 106,228 156 120,249 206 152,239 189 139,179 89 92,183 85 89,187 90 93,189 91 93,190 91 93,193 92 92,195 93 93,199 94 94,199 97 95,
225 130 109,226 131 106,226 130 107,224 129 108,229 142 112,230 142 111,230 135 107,213 107 97,165 64 81,170 64 77,179 72 81,177 72 81,177 70 78,183 75 82,193 84 86,199 90 89,204 93 90,206 96 92,207 98 94,207 98 95,208 98 94,209 99 95,210 100 96,209 98 94,209 98 94,209 99 97,209 99 97,207 98 97,206 98 96,205 99 96,206 97 93,208 103 100,207 100 98,206 99 96,205 97 94,204 96 94,204 94 93,204 96 95,204 95 94,196 94 97,189 86 93,178 77 89,184 84 94,215 120 112,224 135 117,227 136 114,227 138 113,227 134 109,225 131 108,224 128 105,220 126 106,218 126 108,218 126 106,242 186 136,250 211 157,213 144 116,176 80 88,186 87 92,190 91 92,190 92 94,192 96 97,199 97 97,207 102 98,156 63 79,
225 130 109,228 132 108,226 132 110,228 137 113,230 143 114,227 136 110,228 134 108,215 106 93,165 59 75,169 62 76,178 71 80,177 72 81,177 70 78,183 75 80,193 85 86,199 89 88,203 94 91,204 95 92,206 95 93,206 96 95,207 97 95,208 96 93,210 97 95,209 95 92,209 99 98,210 98 96,208 91 88,205 90 88,205 93 92,204 93 91,203 94 91,205 97 96,206 98 97,206 99 97,204 95 93,204 95 93,203 93 92,204 93 91,204 94 93,199 92 95,191 87 94,180 77 87,183 83 95,212 113 112,224 133 120,226 137 117,224 135 112,226 135 107,224 130 106,224 129 108,221 128 109,219 126 107,216 123 106,224 143 111,249 207 151,245 203 148,186 98 93,183 86 90,191 91 92,191 91 92,192 94 96,201 99 99,155 59 79,90 24 66,
227 133 110,228 135 109,229 139 114,232 144 114,231 142 110,227 133 108,230 134 106,216 106 90,165 60 75,169 63 78,178 71 80,176 71 79,176 69 79,183 74 82,193 83 85,198 88 88,201 92 90,204 93 91,205 94 92,205 93 92,208 95 96,208 95 93,207 96 96,208 96 97,208 95 95,209 95 94,206 90 89,201 88 88,202 91 89,201 91 89,200 90 89,203 95 95,203 97 99,204 99 100,203 95 94,205 95 94,204 93 92,204 92 93,205 93 93,201 92 95,194 85 92,184 79 89,186 81 94,210 107 109,220 126 115,224 133 117,223 133 113,224 133 110,224 131 107,224 130 110,223 130 110,221 128 109,218 124 109,214 117 100,238 175 125,250 215 161,227 172 136,176 77 88,188 86 89,191 92 93,197 97 97,153 61 79,91 19 64,96 26 66,
228 136 111,229 137 112,232 143 114,231 134 105,231 134 103,228 134 108,230 134 106,214 105 91,163 56 72,168 62 78,178 69 79,177 70 80,176 69 79,183 73 80,194 84 86,197 87 88,199 91 90,203 92 90,203 91 92,206 92 93,209 94 95,207 92 93,208 95 94,209 94 96,209 93 94,209 92 92,208 91 91,205 90 91,200 96 97,197 99 100,194 92 93,198 88 88,201 94 96,203 94 97,203 93 96,205 95 98,205 93 95,204 93 93,206 92 91,201 90 93,193 84 91,185 80 91,188 79 92,208 103 104,216 119 111,220 127 116,222 131 113,223 129 108,222 128 109,224 127 107,224 128 108,221 123 106,217 119 104,215 115 99,221 129 104,247 205 154,250 215 163,197 118 100,178 78 87,189 92 95,154 61 78,91 20 62,94 25 66,100 31 69,
229 135 111,232 141 113,231 132 104,224 114 92,227 128 102,229 136 110,231 136 109,217 106 92,164 58 74,168 59 76,178 69 81,176 70 79,179 69 78,188 75 81,196 82 85,201 87 87,204 91 88,204 91 90,206 93 93,209 94 94,210 94 95,208 92 94,209 95 94,209 93 94,206 96 101,201 112 120,196 120 129,198 135 139,205 155 149,209 166 158,209 168 157,207 158 150,200 129 126,194 98 101,199 88 92,201 96 101,205 95 99,204 92 94,205 91 92,202 88 92,193 83 91,186 78 89,185 78 89,209 102 102,214 115 108,216 119 112,220 126 113,221 126 110,222 125 108,224 125 104,222 122 102,219 117 101,215 114 101,214 113 98,214 113 98,235 166 126,249 215 165,240 192 145,185 92 92,148 57 76,87 17 60,92 22 63,99 28 67,98 29 67,
232 138 110,234 142 110,222 111 90,210 91 83,229 130 103,232 140 108,233 137 108,218 107 91,160 53 71,162 57 75,173 65 78,175 67 76,178 68 78,186 74 82,197 82 84,201 86 86,204 88 89,204 89 87,206 92 91,209 92 92,209 90 92,207 101 105,201 106 112,192 95 107,194 113 121,195 117 122,197 123 126,201 134 134,205 147 142,208 159 150,209 164 152,212 170 154,218 180 162,219 180 164,203 134 131,191 90 99,198 89 97,200 89 95,201 88 93,196 84 90,190 80 88,182 76 87,185 77 88,211 103 101,217 116 107,217 116 109,217 121 114,221 124 110,220 120 105,219 117 100,220 116 99,219 113 98,216 110 98,215 110 95,216 111 97,217 120 99,246 197 150,252 220 172,190 121 106,89 18 62,90 22 64,99 27 66,98 25 65,93 23 65,
235 147 114,231 129 103,188 75 77,195 81 80,230 133 103,233 141 107,234 137 108,219 105 90,156 51 70,155 53 73,168 62 76,172 65 77,174 68 79,182 71 80,191 79 84,195 82 85,199 87 88,202 89 90,205 90 90,206 89 89,202 98 94,192 94 100,188 94 101,186 93 103,190 105 112,189 106 114,195 113 118,197 125 127,202 140 136,208 156 148,213 168 155,215 173 156,218 177 158,220 181 164,221 187 172,210 166 156,185 96 103,187 80 89,192 82 89,192 82 89,187 77 88,179 73 85,183 73 86,214 104 101,222 119 108,218 116 107,215 115 109,217 116 108,220 119 107,218 111 98,220 114 98,218 113 99,217 111 98,217 111 99,217 114 101,215 114 100,231 148 119,244 203 153,122 54 75,86 18 62,98 25 65,100 27 66,92 20 62,95 23 64,
236 142 113,215 103 90,155 49 69,193 83 82,231 132 103,234 142 112,234 135 106,217 103 88,153 48 68,156 54 74,167 66 82,171 68 82,172 66 80,178 71 82,188 78 86,192 81 86,196 85 87,201 86 88,205 88 88,210 97 93,191 81 86,188 80 88,189 89 96,191 96 102,192 102 107,195 107 112,194 108 113,196 116 119,202 133 130,208 151 141,213 166 152,216 173 158,219 181 164,222 184 167,221 187 169,219 187 174,219 186 175,184 117 123,173 73 84,183 77 86,180 74 86,178 72 86,180 72 87,215 105 104,227 124 110,223 121 110,212 106 102,204 96 97,217 113 105,221 114 100,222 115 101,220 113 98,219 112 99,219 114 102,220 115 102,221 118 105,224 123 106,133 54 73,86 18 61,95 24 63,99 23 61,94 22 62,97 27 67,93 25 66,
228 123 102,181 69 77,153 50 71,195 84 84,232 131 103,235 144 111,233 136 106,216 102 89,154 50 70,158 54 74,170 64 81,171 66 80,173 68 81,178 72 82,187 79 86,193 81 86,198 85 89,200 87 90,205 88 89,201 87 86,186 76 84,188 84 92,190 87 94,191 91 98,190 97 103,195 104 108,196 107 110,197 113 115,203 124 123,209 148 140,218 171 156,218 175 160,218 176 159,217 177 165,220 188 176,224 197 187,230 205 193,236 215 201,197 145 144,162 61 78,172 68 81,170 68 84,176 70 88,214 105 102,228 125 108,227 124 110,212 104 100,167 62 78,198 89 94,222 115 106,224 114 99,221 113 99,221 112 101,221 113 101,223 115 103,226 121 108,153 63 80,86 17 60,94 21 62,100 25 63,93 20 61,98 25 64,91 24 65,106 39 77,
207 91 82,158 54 72,158 53 71,193 84 84,229 130 104,234 142 110,233 136 106,215 101 87,155 51 71,158 55 75,169 63 80,172 68 81,173 68 81,179 72 82,187 78 84,194 82 85,199 86 88,201 87 88,200 87 87,186 75 83,186 80 89,190 86 93,187 86 93,188 88 95,194 98 103,199 108 110,202 109 110,203 115 116,206 122 120,212 142 135,218 165 150,213 161 151,217 175 168,227 198 187,227 199 186,227 199 187,226 198 186,229 204 191,234 216 202,174 107 115,156 56 76,161 63 83,173 68 84,214 104 102,228 125 110,226 123 109,214 108 106,139 44 71,149 50 73,213 104 102,223 114 103,221 112 102,222 111 102,222 112 102,226 116 105,192 90 91,94 26 66,94 20 60,102 27 65,94 23 64,97 25 64,92 22 63,100 37 78,124 55 93,
167 59 73,161 57 74,159 54 72,193 80 82,228 127 102,234 142 114,233 136 109,213 101 90,154 52 72,156 58 77,169 66 81,172 65 78,174 67 80,179 71 80,189 78 84,194 84 86,198 85 88,202 91 92,188 79 86,187 78 87,189 83 92,188 83 91,184 85 95,193 97 102,196 103 106,202 109 110,207 116 113,201 112 113,205 117 116,212 140 131,206 145 140,220 181 172,226 194 182,225 194 183,224 192 180,223 192 181,225 197 185,227 201 189,228 206 194,226 201 188,162 98 110,147 51 71,169 63 80,215 104 100,227 125 111,226 124 111,217 110 106,140 43 69,104 29 67,187 80 89,222 113 105,223 111 100,221 110 101,224 113 104,223 112 102,115 32 65,90 18 61,103 27 66,98 23 62,97 22 62,97 24 64,97 28 68,111 45 86,177 103 117,
157 56 75,162 59 75,159 57 75,191 82 84,228 126 105,232 140 115,231 135 111,213 102 92,155 52 73,157 54 74,168 63 78,172 67 81,173 66 78,179 70 79,189 78 84,193 84 87,198 90 91,198 87 87,182 73 83,188 79 86,188 80 87,187 83 91,193 93 99,199 103 108,204 111 112,204 111 113,202 109 112,196 103 108,196 111 114,207 145 140,223 183 168,222 183 169,221 183 171,222 185 175,225 192 182,226 195 184,227 198 187,227 200 188,227 201 188,229 205 192,230 209 194,155 84 99,159 56 73,212 102 97,227 124 110,227 124 113,217 110 105,145 48 72,91 16 57,136 39 66,209 95 93,221 112 98,221 107 96,228 118 107,158 62 77,88 16 60,100 23 62,103 27 65,96 23 64,97 24 64,96 25 65,99 31 74,166 93 111,195 118 119,
160 59 76,159 59 75,157 54 73,189 80 84,227 126 105,232 139 113,231 135 113,214 104 95,153 52 76,155 53 74,168 61 76,172 66 80,172 67 81,179 73 84,188 77 84,189 78 85,208 116 105,188 80 86,180 73 84,188 77 86,190 80 87,195 88 94,198 97 103,203 107 109,200 105 107,203 108 110,194 98 104,187 100 110,213 155 147,223 174 158,220 174 160,218 172 160,222 182 172,222 187 176,225 193 181,225 195 185,224 195 184,222 194 184,224 199 189,225 201 189,230 210 198,220 197 184,143 47 72,209 100 97,226 122 108,227 124 113,217 110 106,146 51 75,93 17 59,92 13 53,166 89 102,223 174 162,222 163 154,196 110 110,90 20 63,95 23 64,102 26 65,100 29 68,97 25 65,98 26 66,95 23 64,142 69 98,198 118 121,201 126 122,
156 58 76,160 58 74,159 55 72,187 77 81,227 125 105,233 139 113,231 135 112,213 102 92,149 48 71,151 49 72,166 60 77,170 64 77,170 65 79,177 70 82,185 74 82,185 75 84,225 143 117,182 72 83,183 72 84,190 79 86,191 83 90,196 91 98,201 99 101,197 98 103,202 102 103,190 91 97,193 110 117,218 156 148,219 161 148,216 160 149,218 165 154,220 175 162,222 181 169,222 184 173,220 183 173,220 187 179,223 193 183,225 196 184,223 195 183,223 200 190,224 201 191,232 216 204,170 108 118,203 94 93,226 124 109,227 125 109,215 110 104,141 47 70,84 18 60,138 95 116,220 190 175,228 202 190,238 216 202,202 178 173,79 16 63,98 25 66,101 28 66,96 24 64,95 25 65,100 27 67,114 42 81,197 118 123,200 123 123,212 142 127,
163 61 76,168 62 77,168 60 75,190 78 82,228 126 102,233 143 114,233 138 110,214 104 92,152 50 71,153 51 72,170 63 77,175 66 78,178 66 76,182 71 79,190 76 82,189 84 91,233 153 118,177 68 81,180 71 83,185 76 86,195 86 92,196 92 97,193 91 99,201 100 102,192 89 94,201 114 115,217 149 139,215 146 140,217 155 147,219 162 151,219 168 156,219 174 163,218 171 161,218 172 162,222 182 172,224 186 176,223 186 174,223 191 180,221 189 179,221 194 184,222 198 188,223 200 193,217 192 185,203 109 107,226 124 105,228 126 106,208 102 94,130 53 78,168 133 141,218 184 174,228 202 188,229 201 186,229 202 189,230 208 190,82 19 66,98 26 66,96 21 60,94 20 60,97 23 63,95 25 68,182 103 118,204 124 124,211 136 126,212 136 123,
171 66 78,174 66 76,173 63 75,196 79 79,227 125 103,233 143 114,235 142 112,217 108 95,158 52 70,158 53 72,172 65 77,178 67 78,178 67 76,182 70 78,189 78 81,194 93 96,228 142 111,176 69 80,180 70 82,186 74 83,191 83 89,198 88 97,198 91 97,188 87 95,202 112 113,214 129 123,207 128 125,216 145 139,219 158 149,217 161 152,218 163 155,216 161 153,215 161 153,219 170 158,220 174 163,221 181 171,223 189 180,218 179 169,214 173 164,221 191 181,221 193 183,219 191 184,219 193 186,222 185 175,227 126 102,223 119 99,210 138 133,213 176 164,220 190 178,227 201 186,225 196 183,225 195 183,232 207 196,219 192 179,82 18 64,96 25 66,96 22 60,96 21 61,95 20 61,141 63 94,207 126 127,209 133 126,213 138 125,211 135 123,
173 67 78,173 66 77,174 64 74,201 83 80,228 128 105,236 147 113,236 148 117,219 111 94,158 52 69,158 56 73,171 64 76,176 66 77,176 64 76,179 69 77,183 72 78,201 111 105,228 137 108,187 76 84,179 71 84,182 72 84,190 79 88,195 85 94,194 87 97,206 113 115,212 118 113,205 117 117,211 128 126,215 143 137,215 151 145,215 152 147,215 153 144,216 153 145,217 159 150,219 161 151,217 164 155,219 172 161,216 164 155,215 171 161,215 175 166,217 182 174,217 179 171,216 180 173,212 178 172,213 182 176,222 148 134,223 175 160,224 187 169,224 193 180,225 196 183,223 193 181,225 196 184,225 195 183,234 208 196,190 157 153,84 21 66,96 26 66,92 19 59,98 23 64,122 43 82,198 113 121,207 125 125,213 138 127,212 136 126,211 135 124,
171 65 79,172 64 77,174 64 75,195 82 80,229 129 102,237 150 115,238 148 116,220 111 94,158 52 70,159 54 71,173 62 75,174 64 76,174 64 75,179 66 76,178 67 76,213 133 116,232 144 109,206 94 89,187 75 82,185 73 84,193 81 89,193 85 95,203 104 109,209 115 114,202 110 110,209 118 118,209 123 122,212 131 128,215 148 144,215 144 139,218 151 141,218 154 143,219 157 146,216 153 145,217 157 148,217 165 155,217 167 156,216 172 163,215 176 167,216 169 163,213 162 158,211 166 161,206 160 155,214 174 164,220 181 165,225 191 176,226 195 180,223 191 179,223 191 179,225 194 183,223 184 171,219 176 164,234 204 189,146 98 112,89 19 61,95 25 65,93 20 60,100 27 68,166 86 109,207 122 124,211 135 128,214 139 127,213 137 127,211 136 126,
169 64 76,167 63 76,170 63 75,195 82 84,230 132 104,235 149 116,235 146 116,220 111 95,157 53 72,159 55 74,171 65 78,174 64 76,174 64 75,177 66 75,174 62 74,214 138 116,235 147 108,220 113 95,199 85 85,177 66 80,188 77 86,201 101 105,208 108 109,194 101 106,209 112 112,209 119 118,208 121 122,209 125 126,213 131 129,219 144 139,218 147 141,216 145 137,217 146 139,215 143 135,211 143 138,214 151 146,217 156 149,216 165 158,213 159 154,212 155 153,208 153 150,212 160 150,218 173 157,222 187 173,225 190 175,221 185 172,221 187 176,223 191 180,224 194 182,226 195 182,211 150 142,206 141 134,218 172 159,102 38 74,95 28 66,93 21 60,94 20 62,131 55 93,203 117 122,207 129 128,212 139 129,213 137 127,211 138 127,210 136 126,
168 64 77,168 62 75,171 62 75,200 85 84,230 131 104,235 148 116,236 147 114,221 114 99,158 54 73,159 55 74,171 63 77,173 63 75,174 64 75,175 65 74,167 55 71,223 150 119,236 154 112,223 120 98,210 98 90,184 72 82,201 97 103,205 104 108,193 95 103,206 109 111,208 112 113,201 107 111,207 118 120,212 121 122,213 129 130,209 129 136,204 130 140,202 127 133,210 135 130,211 137 132,215 143 138,216 143 139,215 144 142,212 142 141,209 141 142,207 145 143,218 164 150,222 176 156,224 185 166,221 182 165,219 184 171,221 188 175,224 193 181,224 194 183,226 200 188,217 172 160,205 137 131,201 127 128,188 142 140,86 22 65,94 24 64,95 26 66,99 28 73,181 99 116,207 123 123,211 136 128,211 137 127,210 134 124,210 137 126,209 136 124,
170 65 78,169 65 79,178 66 77,206 86 84,231 132 104,236 150 115,237 148 113,222 115 97,156 51 69,156 53 72,169 63 77,173 63 75,175 64 75,177 63 73,164 51 67,225 157 128,241 168 121,228 132 100,223 116 95,195 83 89,200 95 101,189 93 103,204 105 107,205 105 107,197 99 105,202 108 114,206 113 118,202 112 124,184 99 123,166 82 112,160 83 115,195 125 141,175 106 136,181 110 130,186 115 133,181 106 126,159 91 119,169 100 122,209 142 140,219 164 148,224 182 166,224 186 168,218 182 168,219 185 173,222 190 179,224 193 180,226 195 184,227 198 186,224 188 173,187 114 113,164 73 87,205 145 144,135 82 99,89 19 60,92 21 61,98 27 66,127 53 91,208 122 124,209 130 126,212 138 127,211 136 125,209 135 125,209 134 125,208 134 123,
172 67 79,171 67 78,182 69 77,211 88 83,232 134 104,237 150 114,238 149 115,223 116 97,156 51 70,156 53 72,169 64 77,174 64 76,176 64 76,178 64 74,169 55 68,214 138 117,247 184 132,224 123 94,208 100 90,189 83 92,183 82 93,200 98 106,203 102 105,197 97 104,199 101 109,202 104 110,198 102 116,188 99 121,175 90 121,158 79 116,127 57 110,153 93 138,130 67 121,120 63 116,111 51 103,91 27 73,87 32 79,174 116 126,216 165 157,225 186 170,222 184 168,222 185 169,218 183 169,220 187 175,224 191 179,227 194 179,219 179 165,185 115 114,162 75 85,162 70 85,204 133 131,182 130 125,91 23 63,95 23 63,95 23 62,92 22 66,175 96 112,204 122 124,212 139 131,212 139 129,211 138 128,208 135 129,207 133 127,206 133 125,
177 71 83,175 66 78,181 66 77,209 89 83,230 132 105,235 149 114,236 148 113,224 116 96,156 53 71,156 52 71,170 62 75,173 63 74,175 65 76,176 63 74,172 62 72,189 100 97,249 190 136,227 130 101,212 112 107,191 89 96,195 91 100,203 101 106,193 93 104,199 99 107,198 98 107,205 103 111,183 92 116,165 76 113,129 60 110,107 35 84,111 39 93,132 73 124,121 58 110,124 64 115,99 44 96,93 38 81,184 121 125,211 154 145,218 172 155,218 179 166,219 178 162,218 180 165,217 182 168,219 187 175,216 180 168,188 137 139,170 90 104,170 78 89,194 107 108,222 149 135,175 118 116,89 17 59,99 25 64,92 19 60,101 28 66,115 47 87,200 118 121,208 133 128,213 144 131,212 141 130,210 140 129,208 138 130,207 135 129,207 134 125,
178 73 84,176 69 81,179 66 75,206 85 82,231 132 104,235 149 115,237 148 113,225 117 98,156 52 71,155 52 73,168 61 75,173 63 75,173 64 75,174 63 74,179 67 75,172 69 79,243 185 139,235 159 121,214 122 106,191 86 94,204 100 105,188 87 99,195 93 103,195 93 104,191 96 110,175 81 105,139 61 99,113 46 97,104 36 84,92 21 69,122 56 106,110 39 89,128 70 123,100 45 98,117 65 108,189 118 121,216 165 153,217 173 160,214 169 159,212 168 154,213 169 156,218 179 165,219 181 165,183 133 128,141 74 98,154 91 119,193 122 131,229 142 120,233 156 132,178 115 111,93 21 60,99 26 64,99 27 64,95 21 60,97 26 66,156 79 103,203 121 121,214 145 129,213 146 130,212 143 129,210 142 130,208 138 130,206 136 129,205 135 127,
179 75 85,176 71 82,174 64 74,199 80 78,230 131 105,236 149 118,237 150 114,225 118 98,155 52 71,153 50 71,167 61 76,172 62 75,175 63 75,176 64 76,183 71 77,176 67 75,209 132 113,239 174 132,216 129 108,199 94 99,189 88 102,196 97 111,186 92 120,191 94 120,172 78 105,133 52 96,121 54 103,92 25 75,115 50 97,98 29 78,108 37 84,107 33 83,109 46 102,129 83 133,161 99 130,218 169 158,220 180 165,212 169 158,211 168 156,208 161 151,211 171 162,218 173 163,227 172 163,176 86 101,143 72 103,155 92 119,181 111 130,230 154 132,155 84 89,92 19 59,100 24 60,102 27 63,96 24 61,97 23 60,108 37 78,176 100 112,202 129 125,214 148 130,212 145 129,213 144 129,211 143 129,208 140 129,208 139 131,207 137 127,
179 74 85,177 69 80,171 63 74,189 76 79,228 129 105,235 150 117,238 151 117,226 120 100,156 51 70,151 49 70,167 60 76,172 63 76,173 62 75,177 65 77,187 73 81,185 75 81,185 86 91,246 195 148,220 131 108,189 86 97,188 88 102,191 89 106,197 92 108,175 81 106,121 44 91,110 37 87,118 49 98,98 31 82,118 51 104,101 32 76,94 23 65,94 26 70,122 52 98,136 80 132,192 143 152,215 167 157,210 163 152,208 159 151,209 159 150,210 161 153,226 175 167,235 179 169,237 182 171,222 134 127,136 48 78,130 61 95,177 113 135,170 81 92,87 14 59,97 22 62,105 29 64,103 30 65,93 19 58,97 23 62,136 63 94,181 107 114,207 139 128,212 148 130,211 146 129,211 144 129,211 143 129,210 142 130,208 141 130,208 137 127,
175 72 85,175 70 82,170 63 75,185 75 81,227 128 108,235 149 118,237 150 119,226 120 102,158 53 73,153 50 72,169 63 78,175 65 79,175 65 78,178 66 79,188 76 84,192 78 83,188 80 87,246 196 148,192 83 83,187 83 94,191 87 99,192 87 101,175 77 98,112 34 76,104 32 77,91 23 68,111 42 91,108 42 91,106 42 96,119 58 106,86 19 63,117 48 80,179 101 119,185 130 151,211 165 159,215 171 160,204 148 144,209 157 149,217 147 140,231 168 157,237 183 170,237 186 173,240 191 177,234 160 148,155 51 74,102 29 71,168 101 125,147 69 94,94 21 62,102 24 62,107 32 67,102 28 64,96 21 58,97 25 67,174 100 110,191 118 118,203 133 124,208 141 128,210 144 128,210 143 127,212 143 128,210 143 129,208 139 130,208 138 127,
177 71 82,174 68 80,168 64 76,185 75 80,227 128 107,235 151 119,237 152 118,225 121 103,158 57 78,155 52 73,171 65 81,177 68 82,177 66 79,180 67 80,196 87 88,195 81 85,190 76 83,228 161 133,193 79 82,192 84 93,203 95 105,163 66 92,112 34 74,105 35 81,97 28 73,98 28 73,97 27 73,103 34 85,121 56 110,115 59 105,98 33 68,193 110 115,217 155 146,198 144 153,208 163 160,211 162 155,208 146 141,222 135 129,231 153 144,236 175 163,237 185 171,240 190 175,243 197 182,242 184 168,186 73 84,90 16 60,147 77 108,152 79 103,96 26 66,104 30 66,110 37 70,97 23 61,97 24 61,116 45 82,192 116 116,205 136 126,204 136 125,200 131 125,200 130 124,201 133 124,204 134 125,208 140 129,207 139 130,206 136 126,
176 69 81,173 66 79,168 61 74,183 73 80,227 127 109,234 152 120,236 153 118,225 122 104,158 56 77,156 55 78,170 65 81,177 68 81,179 69 82,182 70 81,193 80 86,198 82 85,196 82 86,204 101 92,201 88 89,200 99 116,171 78 103,104 31 78,103 39 89,91 22 71,110 42 89,99 29 74,100 31 79,100 30 80,100 35 85,105 46 91,184 99 107,213 137 129,219 167 154,201 156 159,208 160 157,211 140 137,224 132 132,230 146 141,233 156 145,236 175 161,237 184 169,239 189 173,242 197 181,244 196 180,209 103 105,104 25 65,125 53 89,163 89 108,98 25 66,105 34 70,105 33 68,96 24 62,95 24 63,159 86 104,194 118 116,210 145 128,208 143 128,206 143 128,205 140 128,201 134 125,191 127 124,192 127 124,195 126 124,200 128 123,
175 68 79,173 66 77,170 62 75,182 73 81,226 128 111,235 152 122,237 153 120,226 122 101,159 56 76,155 53 76,170 66 82,175 69 84,177 68 81,183 70 80,195 80 83,201 84 86,206 107 100,149 59 74,189 101 115,185 88 106,130 50 90,99 39 90,108 49 97,96 26 72,108 40 84,91 20 66,100 31 79,107 42 94,95 32 79,157 77 94,208 139 131,215 150 137,215 166 159,210 165 156,188 103 108,198 99 109,211 118 123,231 151 144,234 154 144,235 164 150,236 178 162,237 181 164,241 191 173,241 187 168,200 101 103,103 19 59,108 35 76,175 105 120,105 33 72,107 37 73,101 29 66,98 26 64,104 34 75,181 106 114,199 125 120,210 142 126,208 141 125,207 142 126,208 145 130,206 139 126,200 135 125,194 131 124,192 127 126,190 123 124,
174 68 82,174 70 81,171 63 75,181 70 79,227 126 108,237 151 120,237 154 121,226 124 105,159 57 77,155 54 77,171 66 82,176 67 81,177 65 78,181 68 78,189 75 82,208 102 102,207 113 103,123 49 80,177 90 107,134 46 77,119 55 108,104 42 97,107 48 95,98 32 78,100 36 82,92 22 65,98 29 75,102 41 88,131 58 83,206 133 127,222 170 152,212 156 148,208 156 146,203 98 99,201 97 102,198 91 99,167 60 79,183 79 93,227 135 131,234 151 140,237 173 159,236 170 156,216 135 126,177 84 94,173 69 82,124 31 62,98 27 70,184 115 126,104 32 70,111 38 72,96 26 63,99 27 65,129 56 89,186 109 115,210 137 123,211 138 124,208 137 122,206 135 123,206 138 125,206 137 123,203 135 123,200 136 125,200 137 131,195 131 129,
171 66 80,170 64 78,163 58 72,176 65 76,227 126 106,237 154 118,238 154 120,226 124 104,160 57 74,156 50 70,171 63 77,178 65 75,176 62 74,178 67 82,207 128 120,220 117 105,216 120 111,168 81 97,100 29 74,115 56 109,121 56 113,120 64 115,94 30 78,105 42 88,86 18 66,111 50 97,94 20 60,91 25 65,191 114 116,220 159 141,224 185 172,198 140 131,139 40 64,120 28 60,111 25 60,123 45 75,136 41 70,208 89 98,220 107 111,232 139 133,241 182 167,205 130 125,132 47 75,123 36 67,111 26 60,113 26 60,98 24 67,184 114 126,116 41 75,107 34 68,96 23 61,95 25 64,154 80 100,195 118 117,211 139 123,209 134 121,208 134 120,208 134 121,207 135 122,206 135 120,203 134 122,200 133 125,199 134 128,192 127 125,
169 65 79,166 61 77,155 52 70,168 59 73,226 127 105,237 155 120,238 157 123,226 124 103,163 56 72,162 54 72,176 65 75,177 66 76,173 63 74,157 64 84,209 138 124,222 134 118,155 67 86,99 30 78,109 45 96,104 40 92,119 60 116,120 64 111,87 21 65,105 43 87,93 21 65,93 23 64,87 22 67,143 69 96,208 144 137,220 177 165,212 164 152,173 72 85,123 28 63,141 55 83,130 58 94,216 175 180,172 76 94,196 76 86,216 95 102,233 140 135,234 178 162,143 60 86,124 50 88,182 105 125,110 23 57,99 19 58,101 26 69,182 113 127,126 51 84,103 30 65,98 25 62,98 29 68,182 104 111,203 130 121,210 136 122,207 133 121,206 131 119,207 131 120,206 132 120,206 131 120,202 130 120,196 128 123,191 125 124,183 118 121,
173 69 81,168 63 77,154 52 70,165 57 72,226 126 106,237 157 121,240 160 125,228 127 105,170 61 75,170 59 73,185 72 80,178 75 81,130 43 74,181 103 124,206 143 139,131 73 98,108 48 102,119 62 112,90 27 80,114 53 108,131 78 135,133 84 132,94 28 72,90 20 62,96 23 64,89 19 59,107 39 72,194 120 123,219 167 154,208 161 149,198 91 98,212 101 108,196 91 103,190 82 100,196 110 124,217 146 149,216 123 129,208 86 95,214 91 100,232 145 143,228 175 167,195 103 119,185 102 125,175 84 100,128 34 62,103 22 62,105 33 73,181 116 130,131 57 88,98 26 64,99 26 62,120 48 79,190 114 116,206 135 124,207 134 120,203 130 120,205 133 123,204 133 123,205 132 121,203 128 119,197 124 118,189 120 119,183 117 120,189 124 121,
171 67 80,160 59 75,148 47 67,158 50 67,225 125 107,237 157 122,241 162 127,230 130 106,172 60 72,168 59 71,188 72 78,193 83 89,198 114 128,147 75 108,117 50 93,91 27 78,118 65 119,131 83 137,91 27 79,113 56 112,127 74 131,136 90 140,97 32 77,91 20 61,93 22 63,85 19 61,171 84 94,215 155 143,208 162 149,184 72 82,214 98 108,222 118 124,224 123 125,220 117 121,216 116 122,218 129 137,220 127 133,213 98 108,215 90 101,229 134 139,235 192 183,219 130 133,208 99 109,185 75 88,165 58 73,107 20 57,107 31 70,182 116 131,133 59 90,96 24 62,96 24 60,149 74 94,194 118 117,207 136 123,205 131 121,203 130 121,203 130 120,201 129 119,199 129 121,197 124 118,189 120 118,184 116 117,207 148 129,229 177 133,
160 59 76,151 51 72,139 39 64,150 47 67,223 123 106,237 155 122,241 161 124,230 130 105,171 60 71,167 56 71,187 78 94,188 98 127,170 99 136,129 74 121,103 37 88,118 57 113,136 84 138,109 49 98,83 19 68,111 52 107,131 80 131,122 73 117,127 55 87,90 22 64,86 22 66,122 55 83,199 122 123,215 174 157,152 66 82,199 76 85,216 97 105,226 121 123,230 140 136,232 150 144,230 149 144,229 149 145,225 130 129,219 107 113,217 92 99,225 122 128,237 196 187,223 148 143,219 112 116,211 92 103,182 71 83,108 24 62,110 30 66,177 108 124,136 64 90,96 22 59,95 21 59,178 99 106,200 127 120,206 135 123,204 131 122,201 130 123,201 130 121,198 127 120,195 125 120,190 120 118,183 116 117,209 151 127,235 185 135,236 184 133,
145 49 73,141 44 69,131 37 64,146 44 68,222 123 106,235 155 122,238 157 124,230 128 107,170 60 72,163 57 74,185 76 87,176 77 104,135 73 125,125 55 104,118 58 110,113 58 114,125 76 126,94 28 74,91 24 68,92 29 72,108 40 73,104 33 71,167 93 108,87 21 62,84 19 62,172 89 99,220 170 158,142 93 105,138 40 67,205 82 89,217 95 101,225 113 115,231 134 128,234 152 144,232 154 144,231 147 136,226 125 121,221 110 111,216 93 97,223 116 121,238 197 188,223 146 141,220 118 121,216 94 105,178 67 80,103 23 62,112 31 66,165 91 112,152 80 99,96 22 59,112 34 65,195 115 111,207 138 125,205 134 122,203 132 122,200 129 121,198 127 122,195 125 119,192 123 120,183 114 115,199 133 120,235 182 130,236 184 130,235 185 132,
137 46 74,132 45 75,121 33 66,141 42 67,222 121 107,234 150 121,236 154 121,230 126 103,166 57 72,165 69 96,182 83 110,164 92 128,129 65 113,134 74 121,107 51 106,115 63 124,133 87 138,100 35 80,91 23 65,91 23 66,121 42 71,134 55 90,174 93 104,124 54 78,111 40 71,201 126 125,190 150 142,87 18 59,145 41 67,202 79 87,218 94 98,226 109 112,229 125 124,232 140 133,233 145 137,231 139 130,224 116 112,216 98 102,212 86 92,220 106 113,238 191 184,224 145 140,220 115 120,214 96 104,155 52 75,99 24 65,113 33 66,152 78 102,168 96 112,91 21 61,142 62 83,199 120 112,210 141 122,206 134 120,203 132 121,199 128 121,195 125 121,192 122 118,188 119 118,185 115 114,228 173 126,238 183 126,237 184 129,237 194 147,
141 49 74,133 44 73,117 29 62,134 36 62,222 120 106,235 151 123,238 154 121,231 128 103,166 56 70,164 63 89,177 87 120,151 67 109,132 65 116,120 60 115,119 67 124,118 68 127,134 90 139,93 31 77,92 25 68,99 29 71,144 61 86,166 81 95,126 55 80,92 26 64,165 84 94,202 144 138,101 38 70,99 25 63,151 46 67,200 77 84,217 92 96,224 103 108,227 117 117,228 124 121,230 133 127,229 130 125,218 105 106,213 91 96,215 91 97,217 99 105,239 183 176,224 146 140,219 114 117,207 92 100,117 34 68,102 28 66,116 34 64,136 59 88,184 114 122,89 20 60,173 91 97,204 125 115,207 137 121,204 131 117,202 130 119,199 129 120,196 127 120,192 123 118,185 114 114,208 144 121,239 185 129,238 183 129,238 195 147,238 201 155,
145 51 74,139 45 69,124 32 62,143 43 66,222 121 108,234 150 124,238 155 123,231 130 107,172 66 86,165 63 86,179 74 97,140 56 101,137 73 125,112 48 102,122 70 123,110 56 116,137 93 144,108 53 99,102 32 70,89 22 63,108 38 79,130 61 91,79 13 55,146 91 107,215 159 148,152 88 97,88 16 54,105 29 65,161 54 71,201 77 82,217 89 92,223 100 104,227 113 113,227 119 119,227 126 123,227 127 123,217 104 105,209 85 89,188 71 81,208 82 87,233 155 145,221 133 128,217 109 113,181 75 88,90 22 65,107 30 66,117 33 63,115 39 75,194 126 129,106 34 70,195 111 104,206 133 120,204 134 122,201 130 119,201 130 120,197 127 121,196 125 117,191 122 118,187 115 115,229 170 126,240 185 128,239 191 139,237 198 154,236 200 158,
144 47 70,143 43 66,133 38 65,170 68 83,224 128 116,233 147 122,238 154 124,232 132 109,170 60 74,159 55 73,182 76 97,131 49 93,120 53 104,112 54 106,114 56 110,118 66 123,138 93 147,129 82 127,103 30 69,134 61 80,99 42 85,119 49 85,155 85 106,176 92 101,179 127 126,90 22 63,99 27 64,109 33 70,171 64 79,206 78 83,216 87 91,222 97 101,225 109 110,225 114 115,228 123 121,228 128 124,223 119 117,218 98 103,220 102 104,214 110 118,227 158 151,220 126 125,210 102 109,133 48 77,87 24 68,116 38 70,121 37 65,102 24 65,193 125 128,141 63 85,206 120 107,207 137 121,204 132 120,201 129 120,198 129 122,197 127 120,193 124 118,190 120 116,195 124 115,237 180 126,240 189 133,240 199 153,237 200 158,237 203 162,
138 43 66,139 41 65,130 33 62,175 78 92,224 130 119,234 146 119,239 155 124,232 134 109,169 62 74,157 53 74,186 88 112,129 51 98,129 68 120,105 46 93,102 39 92,114 56 111,124 72 127,148 104 150,131 61 102,117 41 77,115 45 82,192 132 142,184 118 119,171 103 109,103 37 70,98 24 63,109 33 66,107 31 69,169 70 85,205 80 86,216 89 91,222 97 100,224 104 106,225 108 110,226 117 117,227 122 120,222 120 118,221 118 117,231 156 147,231 167 158,231 172 160,217 118 121,191 90 102,94 27 69,91 26 68,125 44 72,123 37 65,95 17 59,183 115 121,174 90 96,208 124 107,206 135 121,201 131 121,199 128 120,196 127 120,195 125 119,193 125 118,188 118 113,203 134 115,240 184 126,241 196 145,241 201 154,239 200 155,237 202 160,
125 34 63,129 36 64,129 34 63,169 73 90,222 131 120,233 148 123,238 157 125,232 136 109,169 60 73,163 66 93,180 79 101,120 44 93,122 65 112,99 36 86,105 48 101,121 61 113,114 56 110,122 68 121,141 92 133,131 58 94,192 135 149,202 150 143,170 88 97,108 49 77,113 34 65,99 21 58,120 39 66,106 24 62,157 62 80,200 73 80,218 89 90,222 95 95,225 103 104,223 102 103,218 99 99,219 105 104,219 109 108,221 113 110,227 126 121,230 145 139,221 129 128,209 104 113,141 57 85,90 25 67,97 28 67,127 46 72,126 40 66,93 15 56,175 105 116,193 104 98,206 127 111,205 135 120,201 130 120,197 127 120,196 128 121,194 125 120,194 123 116,186 114 112,207 139 116,241 190 135,242 202 155,240 201 155,239 202 158,237 205 166,
111 28 62,123 32 63,129 36 65,172 79 95,224 134 120,235 154 125,239 159 125,230 133 111,177 74 96,167 71 96,185 91 117,119 47 92,96 31 78,102 42 92,105 51 109,140 92 143,126 69 126,128 76 127,120 63 115,194 104 119,221 178 172,174 92 98,150 91 104,93 23 62,101 25 59,101 23 59,118 37 66,107 26 63,141 53 75,185 65 75,212 87 86,217 89 90,223 100 100,225 111 107,204 82 88,199 68 77,210 74 83,206 81 94,212 93 108,217 105 120,203 89 102,197 96 103,91 23 66,93 23 64,106 30 66,127 44 69,124 39 66,102 25 61,165 92 108,208 119 106,207 131 114,203 134 120,201 132 120,197 129 120,193 128 121,193 126 120,194 123 117,183 113 112,215 147 118,242 200 151,241 204 159,240 203 158,239 204 162,238 207 169,
106 26 62,116 27 60,128 37 66,173 77 91,223 131 117,234 156 124,238 160 125,227 138 129,169 72 93,159 63 94,171 79 108,125 62 107,97 32 78,105 46 99,123 75 130,134 89 141,120 69 124,127 76 129,149 96 144,203 111 127,199 130 130,191 119 110,99 38 75,97 30 67,96 24 62,101 26 63,113 35 66,110 32 66,129 46 71,159 53 70,197 75 79,207 83 87,215 93 96,222 105 106,223 105 103,218 91 92,220 85 91,227 95 107,230 110 123,225 113 127,213 111 115,130 48 76,89 22 64,96 23 61,104 25 60,134 48 72,129 42 68,111 32 66,161 90 108,213 127 112,204 134 117,202 136 120,201 135 121,198 133 120,195 130 121,192 126 120,191 123 117,179 111 111,219 156 126,244 207 160,241 206 160,241 207 167,240 208 168,239 206 162,
100 24 63,103 21 58,137 47 72,177 76 87,220 122 111,235 155 123,239 159 125,230 134 113,163 56 74,163 75 108,141 58 95,121 60 102,88 25 72,101 41 92,131 92 141,137 94 147,138 95 148,127 84 138,146 83 127,172 108 142,221 158 138,106 43 77,93 27 68,103 29 66,96 25 64,99 28 66,108 31 65,110 31 64,117 37 68,131 39 65,174 59 70,195 75 81,212 89 93,217 99 104,219 104 107,219 101 105,218 102 105,219 110 113,221 111 114,219 118 121,176 81 92,96 25 64,91 24 65,103 31 66,101 23 59,140 54 75,132 45 68,120 36 65,157 87 105,211 131 116,202 136 119,201 137 123,200 136 124,200 135 124,193 132 123,189 127 122,185 122 119,171 106 108,217 160 131,244 212 166,242 209 164,242 209 168,240 205 162,239 203 158,
95 21 60,95 22 63,146 55 75,182 80 87,220 122 109,234 153 122,237 156 123,230 134 110,167 59 74,150 59 89,127 52 93,119 56 98,88 27 76,98 36 87,125 74 124,118 67 122,141 102 155,128 82 140,172 95 136,150 83 115,133 76 98,90 28 71,94 27 68,106 31 66,97 26 63,98 24 62,101 25 61,110 29 61,109 31 62,117 34 62,127 31 57,167 54 66,203 81 85,214 97 101,218 106 111,222 118 120,227 133 132,230 141 137,228 140 136,216 121 123,129 47 74,91 27 68,94 30 69,106 31 64,103 24 61,147 63 82,136 50 72,127 41 68,155 84 104,208 133 121,201 138 122,198 136 125,195 133 126,195 133 125,192 132 124,184 125 122,179 119 118,167 106 110,221 173 143,245 213 166,243 206 159,242 208 164,242 207 162,241 201 155,
92 21 63,90 20 61,126 41 68,181 80 87,222 124 110,233 150 122,236 156 124,231 134 110,157 56 76,155 78 105,105 39 83,116 50 92,100 36 82,91 29 78,116 71 122,126 74 125,123 71 126,138 101 152,153 110 161,157 102 139,114 60 97,87 27 71,96 29 70,112 35 67,100 29 64,97 26 65,96 24 62,103 27 63,109 33 66,110 33 66,125 37 65,122 30 60,158 53 71,183 75 87,200 93 103,216 109 116,224 128 129,227 137 136,223 131 130,202 108 111,109 35 70,90 35 77,96 34 74,104 31 67,105 28 64,148 66 84,138 55 75,134 47 72,159 88 106,199 124 116,187 116 110,189 123 119,190 128 125,192 130 125,189 129 125,181 123 122,175 117 118,166 106 110,232 191 150,245 209 160,243 205 156,244 206 159,242 199 152,233 177 134,
102 30 66,90 20 62,113 31 62,157 61 75,219 121 108,232 149 123,234 152 123,226 129 112,188 115 121,135 67 96,98 39 81,113 46 88,104 37 81,98 35 81,110 57 109,147 105 152,109 53 106,136 98 149,131 89 142,143 96 140,152 104 136,108 60 104,98 29 69,113 35 68,103 32 67,95 25 65,97 24 63,97 25 64,106 32 65,104 28 62,128 40 65,175 69 84,200 89 97,206 98 102,207 103 107,216 112 115,219 123 122,218 124 122,221 137 132,223 164 151,192 146 144,125 80 107,91 32 72,95 28 67,104 32 68,145 66 86,137 56 79,135 48 75,170 97 108,186 105 103,173 90 95,174 92 98,171 95 102,173 104 108,178 113 115,176 116 118,169 112 115,172 112 113,242 201 151,244 201 148,243 202 154,242 196 146,229 169 134,144 65 79,
153 89 107,125 48 76,119 34 64,126 35 61,211 107 98,233 146 122,234 149 125,230 147 129,159 66 87,148 83 107,80 19 65,105 38 83,96 33 78,121 56 102,100 39 88,125 76 123,131 83 134,132 92 137,125 76 132,135 90 143,162 115 148,131 77 114,109 40 79,104 29 67,108 36 68,93 23 64,99 27 65,95 25 64,104 31 66,110 32 66,120 36 66,185 77 86,203 89 93,206 93 100,211 102 105,217 107 109,215 108 110,215 115 114,224 143 131,229 175 152,233 186 161,238 193 168,204 161 153,113 63 91,98 26 64,138 61 82,131 50 74,128 42 71,178 101 108,191 114 112,191 114 109,181 104 105,173 92 101,163 81 91,157 76 88,151 77 90,161 88 95,162 90 97,243 195 141,244 198 147,243 199 151,229 172 133,144 64 77,113 31 63,
166 120 135,166 112 127,145 66 84,115 29 61,208 105 99,233 147 121,235 150 121,229 131 111,195 119 130,121 51 85,82 18 63,104 41 87,118 59 106,121 60 105,107 48 97,111 51 99,123 73 121,106 50 104,127 79 133,150 111 160,146 99 137,125 75 114,130 70 105,92 25 68,110 37 70,96 27 68,97 30 69,99 32 69,105 32 69,130 45 71,112 34 67,181 76 85,202 88 93,205 94 99,216 104 106,217 107 107,216 107 108,220 124 119,225 147 132,229 168 145,231 176 150,235 185 157,240 193 166,233 193 173,144 94 111,118 43 73,121 42 69,118 35 68,186 109 111,195 124 118,193 124 119,188 119 119,185 115 117,177 106 110,167 94 103,159 83 93,187 98 87,175 93 93,244 200 148,245 204 154,237 185 138,146 66 78,133 47 70,143 53 74,
147 91 114,174 138 149,169 114 122,118 32 62,208 106 99,235 152 123,236 155 122,231 135 114,189 115 126,96 31 70,89 24 65,103 37 77,95 29 72,107 42 89,93 31 76,97 37 84,109 55 104,102 44 96,119 66 121,145 100 148,152 114 158,145 87 123,143 93 123,89 30 73,110 38 71,98 28 68,97 29 69,101 33 70,110 34 68,166 66 80,114 31 66,182 76 88,201 90 95,216 100 102,217 105 105,219 106 106,220 113 110,223 128 119,225 140 126,227 155 135,229 165 141,234 177 147,239 189 159,242 197 174,239 203 184,143 84 102,111 28 61,108 28 66,196 116 110,195 126 117,192 126 118,191 122 118,188 120 120,182 115 118,174 109 115,172 103 105,196 106 85,216 141 111,245 206 155,245 204 153,211 140 109,136 49 73,156 61 78,164 70 84,
99 34 72,173 137 148,182 141 142,115 36 67,206 107 100,235 154 124,236 157 124,232 135 110,185 105 113,86 23 66,90 26 69,93 30 72,88 26 69,117 56 103,99 34 76,93 30 77,106 47 96,115 56 109,123 71 123,128 76 128,155 117 163,135 85 121,144 94 126,96 42 81,109 33 64,103 28 64,97 28 67,101 33 69,111 30 63,185 75 80,124 34 63,181 74 85,215 95 95,217 98 100,219 105 103,219 107 105,221 113 110,223 123 115,224 135 122,226 146 130,228 160 138,231 173 146,236 184 156,241 195 172,243 203 184,225 190 174,106 31 66,103 21 61,201 120 111,197 126 116,194 124 114,190 123 116,187 119 118,184 117 118,176 111 114,179 104 103,212 130 99,235 181 134,246 208 156,243 198 142,175 85 83,154 59 78,166 72 85,172 75 85,
84 19 62,166 125 140,185 149 147,106 31 64,205 105 96,235 156 122,237 159 123,234 139 110,179 99 108,86 24 68,92 28 69,88 23 64,87 25 72,126 73 117,95 30 72,93 28 72,94 32 79,104 43 94,128 78 128,115 61 117,157 120 164,134 87 127,143 96 133,96 44 85,118 40 68,107 32 67,99 26 64,97 27 66,129 39 66,190 76 80,138 42 67,187 77 85,216 94 94,220 101 99,220 102 99,220 105 100,221 112 109,222 119 111,223 129 119,225 142 128,227 154 137,228 169 146,234 182 157,240 195 173,240 202 184,243 210 192,150 91 104,104 25 60,205 125 112,197 129 115,195 125 114,191 122 115,184 116 114,179 112 113,173 106 108,203 128 112,242 188 142,246 202 150,248 208 154,226 158 112,162 61 74,167 66 80,181 81 86,158 64 80,
78 12 55,159 115 132,187 152 150,112 36 66,203 103 94,236 156 122,236 159 122,233 140 110,162 79 98,94 28 73,87 21 62,88 22 67,103 45 91,119 60 100,86 25 69,98 32 72,89 24 69,96 34 81,111 58 109,127 79 134,157 118 159,151 104 147,155 117 151,104 47 83,109 31 63,106 31 65,103 28 63,104 27 64,167 62 75,207 89 89,140 43 68,194 81 85,217 97 96,221 103 99,220 102 97,220 104 99,220 109 104,221 116 109,223 127 118,223 136 125,226 150 134,227 165 145,231 180 157,237 192 173,239 200 183,241 206 191,198 154 148,116 40 67,203 124 111,194 127 115,192 124 114,188 120 114,183 118 113,176 111 112,174 102 103,224 163 131,247 204 152,247 207 157,245 199 143,202 107 87,169 64 74,175 71 79,174 74 83,158 65 81,
75 11 55,152 106 125,189 156 153,119 46 72,201 99 92,235 153 123,231 156 125,229 139 114,169 88 111,88 23 68,89 22 63,93 30 72,92 29 73,111 46 87,91 30 72,93 30 71,88 24 70,107 46 93,89 29 81,130 85 135,146 103 149,118 60 102,115 57 89,122 61 95,131 66 100,124 52 82,101 26 62,122 35 64,190 76 82,207 91 92,139 46 71,204 88 89,218 99 97,221 105 102,221 103 98,219 99 94,220 106 100,220 112 106,221 122 116,223 132 122,224 143 130,226 160 140,229 177 155,234 189 172,239 197 180,240 203 188,231 193 176,146 66 80,197 124 113,193 127 116,189 122 114,186 119 113,184 119 114,175 111 112,181 105 101,232 172 131,246 197 141,248 209 157,233 167 117,194 86 83,173 67 76,175 71 78,162 62 76,161 71 85,
78 14 57,138 89 113,186 155 153,129 60 82,199 97 91,235 153 120,235 158 123,231 139 112,177 92 109,95 28 70,89 24 69,102 38 79,88 26 70,99 36 78,93 31 74,92 33 76,90 27 74,101 41 89,106 53 103,123 80 130,130 85 134,130 81 129,122 70 111,98 28 65,100 27 63,102 29 63,97 22 59,151 53 69,199 84 86,190 81 86,145 54 77,212 96 96,220 104 103,222 107 103,222 104 98,219 101 97,220 103 96,220 110 104,221 119 112,222 128 118,223 139 125,224 153 134,228 172 149,232 185 168,237 194 178,240 201 186,241 205 188,193 112 108,187 117 108,186 120 114,190 124 116,188 124 117,183 122 117,178 114 113,192 113 104,215 133 100,236 176 124,248 209 153,222 137 100,185 75 79,166 63 77,158 59 74,158 65 81,157 69 87,
77 12 55,130 79 106,186 157 156,138 72 89,197 92 87,233 150 119,235 157 121,232 140 111,179 90 102,102 34 75,90 26 68,86 25 67,93 31 74,96 35 79,100 39 78,89 25 67,90 27 72,96 34 82,128 79 129,96 38 85,108 57 98,113 56 106,125 72 108,95 22 60,96 24 59,91 18 55,113 31 61,177 68 75,202 87 87,151 54 74,177 74 84,217 100 98,221 106 102,223 110 104,223 107 100,221 104 96,219 103 97,220 109 103,222 117 109,222 124 114,222 134 121,224 148 129,226 164 142,230 180 161,235 193 177,239 201 186,241 204 189,220 159 144,145 60 73,148 68 78,164 88 93,174 106 106,178 116 114,187 122 116,206 129 109,201 111 90,233 174 131,247 202 141,206 106 84,160 58 73,160 61 76,147 53 75,159 70 87,148 65 87,
79 13 54,125 70 98,194 164 160,150 91 102,191 87 86,231 149 118,235 157 122,234 143 112,170 82 100,105 37 78,87 22 64,89 27 71,95 33 75,93 33 76,103 38 78,91 26 68,91 26 69,88 30 76,123 73 126,137 96 143,126 65 114,113 51 89,97 27 64,90 21 58,88 17 57,95 20 58,148 50 67,197 82 82,184 73 77,128 41 69,208 95 91,219 100 97,222 105 101,224 107 102,223 107 100,223 104 97,219 101 93,219 105 97,221 111 103,221 120 109,222 130 116,223 143 125,225 156 136,228 175 156,233 189 174,237 198 185,240 203 190,230 188 172,144 57 74,146 60 77,137 51 71,125 44 67,119 46 70,145 73 85,205 130 105,216 143 103,244 197 144,233 166 112,158 56 68,142 46 68,147 52 73,156 69 87,148 64 85,150 69 89,
132 52 73,147 85 105,198 168 162,163 111 115,190 89 87,231 151 119,234 158 121,230 143 112,167 85 105,93 25 69,92 28 69,90 25 67,91 28 71,94 31 74,101 37 79,94 30 72,85 23 66,96 32 73,93 31 78,131 88 134,139 93 141,122 62 101,89 20 58,86 19 57,86 16 55,120 33 61,180 70 76,192 77 77,127 37 63,183 76 82,217 99 93,220 103 98,221 104 100,223 105 102,223 109 103,223 107 99,221 104 96,220 104 96,219 107 98,220 116 105,222 126 112,222 134 121,225 150 131,227 168 148,231 184 168,234 195 182,238 201 188,244 208 188,162 85 95,161 79 88,155 71 83,136 54 75,105 31 63,89 19 60,224 159 116,232 167 112,245 192 130,174 86 77,123 34 64,135 45 69,152 66 86,145 63 83,139 57 80,154 79 100,
139 65 86,160 105 120,193 165 161,171 124 124,189 90 88,231 150 120,235 161 123,227 143 111,161 81 104,87 23 66,90 25 68,91 25 68,94 31 71,90 28 72,100 41 85,107 47 88,88 27 72,103 40 83,102 43 89,114 58 107,126 76 120,105 44 83,86 21 60,81 16 56,101 25 58,154 54 68,159 57 68,125 36 62,172 66 75,210 92 87,217 99 92,220 103 96,221 105 99,222 105 101,224 109 102,223 110 103,223 108 100,220 106 99,220 106 96,220 112 101,221 120 107,222 132 118,224 142 126,226 157 140,227 176 161,232 191 177,237 199 186,241 204 189,190 129 125,153 73 83,158 78 85,149 70 84,134 56 77,131 48 72,222 155 121,235 174 120,174 88 80,117 32 63,128 40 67,147 62 82,148 69 88,129 49 75,149 71 93,152 79 101,
110 41 70,141 82 105,187 157 156,175 130 130,189 91 88,231 149 120,237 162 124,232 148 116,136 59 87,84 22 65,91 28 69,96 31 74,99 39 81,93 29 74,101 43 87,123 67 115,100 41 87,103 46 89,105 50 95,111 54 106,142 96 139,95 34 76,84 21 61,90 19 56,105 25 56,123 36 61,154 54 73,196 79 82,207 89 88,211 94 89,215 97 92,218 101 96,221 103 96,222 106 100,223 109 101,223 114 105,222 112 105,221 109 100,221 108 98,220 110 100,220 117 106,221 127 115,224 137 125,225 154 137,227 170 153,229 184 170,235 196 184,237 202 190,216 170 156,141 63 78,153 79 87,155 81 92,155 80 93,167 78 87,197 108 97,168 82 84,140 53 73,139 48 70,143 58 81,151 74 90,126 46 71,135 56 80,160 89 107,144 75 97,
