16
16
200 205 219,200 205 219,200 216 209,200 216 209,224 228 225,217 216 219,237 234 244,241 238 253,230 251 244,237 254 253,253 254 254,249 251 253,249 251 253,249 251 253,230 251 244,217 234 230,
186 196 209,186 196 209,186 205 197,200 216 209,217 216 219,249 251 253,200 186 190,186 184 188,254 255 255,230 251 244,249 251 253,249 251 253,241 238 244,249 251 253,230 251 244,224 238 236,
200 216 209,200 216 209,211 205 219,211 205 209,237 228 230,200 189 186,139 142 146,136 139 144,180 182 184,249 251 236,224 228 225,237 234 236,241 238 244,224 228 225,224 228 225,224 228 225,
200 216 209,200 216 209,211 205 219,211 205 209,253 251 236,148 155 157,148 150 151,157 160 161,161 163 164,253 254 244,224 228 225,211 191 197,178 179 179,230 228 209,217 216 219,217 216 219,
200 205 219,217 229 236,211 205 219,204 196 197,200 189 186,145 150 152,152 153 155,154 158 159,171 173 172,204 191 188,237 228 230,177 174 176,141 141 147,200 181 180,237 228 230,211 228 230,
174 176 177,164 170 172,181 186 190,204 196 197,175 176 176,160 162 163,150 148 149,126 119 129,165 164 165,186 183 184,253 228 197,174 167 167,120 104 114,156 153 154,255 234 236,177 178 179,
143 153 154,87 113 126,166 173 174,204 196 197,168 169 169,169 167 167,100 88 104,60 62 74,154 159 158,230 189 181,164 161 161,140 136 138,130 94 103,144 139 141,237 181 184,170 168 172,
75 99 102,47 68 76,168 171 168,241 234 191,179 178 174,150 146 148,81 75 82,114 92 98,137 135 136,174 165 162,162 157 150,89 79 79,136 103 93,126 86 86,146 143 145,156 156 157,
30 48 50,22 39 42,91 111 102,143 144 139,158 155 142,112 87 77,134 107 93,96 79 78,120 97 89,152 145 141,160 148 143,92 76 73,105 77 72,84 72 69,68 69 71,96 92 86,
22 34 37,38 56 53,35 48 46,31 36 35,82 73 61,81 71 59,73 64 60,40 32 38,53 48 49,60 54 52,51 48 39,60 56 46,41 34 29,54 51 42,25 27 24,28 31 30,
6 14 10,19 29 28,17 22 17,28 27 20,45 42 36,44 41 32,28 18 11,19 6 6,24 12 16,23 18 14,38 36 35,30 29 21,15 18 10,22 25 24,9 15 14,7 12 10,
68 75 75,62 65 67,57 58 58,68 71 67,63 62 57,72 68 65,62 54 55,75 68 70,65 62 65,51 44 48,56 50 46,15 12 5,5 6 5,9 14 18,13 19 22,16 21 27,
133 137 134,138 140 137,130 126 114,53 58 65,56 62 65,47 52 56,40 41 48,48 44 51,43 39 42,33 21 26,34 23 26,36 30 32,13 8 14,10 8 16,2 2 1,3 3 2,
69 84 87,72 85 89,105 107 108,84 92 95,108 111 107,96 97 95,100 92 90,81 81 80,64 63 69,51 50 54,42 39 43,33 25 35,13 9 20,4 4 10,1 1 5,0 0 0,
78 97 102,87 103 106,114 126 129,115 126 125,112 121 119,123 129 123,132 135 136,131 133 132,128 126 119,120 115 111,78 82 83,108 103 96,105 103 98,72 81 82,76 83 86,87 94 93,
91 111 112,100 119 119,108 119 121,105 115 119,105 111 111,112 121 119,120 129 132,109 119 121,96 113 111,88 99 102,100 107 106,123 129 123,120 122 125,128 133 133,126 131 132,123 130 129,
